0.0097 0.1267 0.0157 0.1087 0.0000 0.0174 0.0167 0.0274 0.0683 0.0200 0.0070 0.0167 0.0009 0.0273 0.1316 0.0237 0.0104 0.0431 0.0245 0.0305 0.0076 0.0141 0.0272 0.0783 0.1465
0.1722 0.0520 0.0666 0.0040 0.0000 0.0000 0.0000 0.0000 0.0000 0.0000 0.1477 0.0216 0.0000 0.0257 0.0873 0.0000 0.0000 0.0414 0.1320 0.0623 0.0000 0.1757 0.0000 0.0114 0.0000
0.0608 0.0000 0.0000 0.0099 0.0055 0.0000 0.0876 0.0000 0.0108 0.2803 0.0000 0.0207 0.0000 0.0467 0.0662 0.0000 0.1420 0.0023 0.1983 0.0000 0.0350 0.0246 0.0048 0.0046 0.0000
0.0000 0.0076 0.0014 0.0367 0.0415 0.0126 0.0228 0.0450 0.0503 0.0756 0.1480 0.0101 0.0004 0.0000 0.0000 0.0329 0.0407 0.0378 0.0161 0.1037 0.0902 0.0873 0.0234 0.0363 0.0795
0.0347 0.0216 0.0000 0.0000 0.0020 0.0000 0.0000 0.0237 0.1182 0.0150 0.0966 0.1061 0.0000 0.0122 0.0518 0.0909 0.0113 0.0000 0.0000 0.0141 0.1564 0.0000 0.2290 0.0000 0.0165
0.0000 0.0000 0.0000 0.0000 0.0000 0.0000 0.0000 0.0000 0.0000 0.0000 0.0000 0.0000 0.0000 0.0000 0.0000 0.0000 0.0000 0.0000 1.0000 0.0000 0.0000 0.0000 0.0000 0.0000 0.0000
0.0000 0.0000 0.0000 0.0000 0.0000 0.0000 0.0000 0.0000 0.0000 0.0000 0.0000 0.0000 0.0000 0.0000 0.0000 0.0000 0.0000 0.0000 0.0000 0.7124 0.2876 0.0000 0.0000 0.0000 0.0000
0.0181 0.0021 0.0000 0.0454 0.0000 0.1253 0.0000 0.1042 0.0000 0.1715 0.0238 0.1093 0.0058 0.0780 0.0443 0.1410 0.0095 0.0289 0.0000 0.0000 0.0000 0.0427 0.0000 0.0066 0.0434
0.0000 0.0000 0.0000 0.0512 0.0000 0.0000 0.2252 0.0000 0.0000 0.0000 0.0000 0.0000 0.0000 0.0000 0.0000 0.0000 0.0000 0.0000 0.5949 0.0000 0.0000 0.0000 0.1287 0.0000 0.0000
0.0253 0.0000 0.2009 0.1190 0.0090 0.0005 0.0041 0.0012 0.0499 0.0000 0.0000 0.0000 0.0002 0.0314 0.0000 0.0527 0.0000 0.0110 0.0173 0.0236 0.0557 0.0228 0.1615 0.0149 0.1992
0.0000 0.1781 0.0000 0.0000 0.0385 0.0000 0.0783 0.0000 0.2129 0.0000 0.0000 0.0204 0.0000 0.0000 0.0000 0.0000 0.1809 0.0325 0.1706 0.0000 0.0121 0.0356 0.0000 0.0000 0.0402
0.0803 0.0512 0.0459 0.0262 0.0115 0.0533 0.0000 0.0188 0.0000 0.0423 0.0134 0.0159 0.0664 0.1028 0.0000 0.0350 0.0303 0.1163 0.0000 0.0000 0.0729 0.0412 0.0924 0.0522 0.0318
0.0267 0.0312 0.0274 0.1292 0.0000 0.0000 0.0065 0.0508 0.0892 0.0474 0.0131 0.0028 0.0206 0.0071 0.0337 0.1872 0.0030 0.0071 0.0248 0.0450 0.0899 0.0228 0.0436 0.0506 0.0401
0.0322 0.0210 0.0315 0.0271 0.0000 0.0000 0.0224 0.0000 0.0000 0.0324 0.0067 0.2678 0.0297 0.0000 0.0848 0.0000 0.0000 0.0125 0.0000 0.3291 0.0708 0.0000 0.0000 0.0319 0.0000
0.1327 0.0000 0.0000 0.0000 0.0000 0.0000 0.0000 0.0276 0.0000 0.0000 0.0802 0.0000 0.0507 0.2439 0.0092 0.2252 0.0000 0.0000 0.1610 0.0000 0.0695 0.0000 0.0000 0.0000 0.0000
0.0477 0.0551 0.0430 0.0000 0.0122 0.0313 0.0056 0.0198 0.0204 0.0948 0.1495 0.1060 0.0000 0.0506 0.0000 0.0000 0.1284 0.0246 0.1469 0.0000 0.0047 0.0082 0.0024 0.0000 0.0487
0.0000 0.4621 0.0000 0.0908 0.0000 0.0140 0.0000 0.0000 0.0000 0.0000 0.0000 0.0000 0.0000 0.0000 0.0000 0.0000 0.0000 0.0000 0.3483 0.0000 0.0000 0.0847 0.0000 0.0000 0.0000
0.0618 0.0476 0.0405 0.1192 0.1086 0.0359 0.0146 0.0000 0.0523 0.0000 0.0000 0.0260 0.0138 0.0000 0.0000 0.1057 0.0000 0.0388 0.1142 0.0003 0.0480 0.0113 0.1280 0.0334 0.0000
0.0000 0.0000 0.0000 0.0000 0.0000 0.0000 0.0000 0.0000 0.0961 0.0000 0.0000 0.1968 0.0000 0.0000 0.0000 0.1313 0.1821 0.0000 0.0000 0.0000 0.0000 0.0000 0.3936 0.0000 0.0000
0.0000 0.0352 0.0000 0.0407 0.0173 0.1581 0.0338 0.1103 0.0000 0.0000 0.0000 0.0000 0.0535 0.0000 0.0000 0.1182 0.0413 0.0063 0.0000 0.0000 0.1782 0.0000 0.0505 0.1004 0.0563
