0.0000 0.3732 0.0000 0.0000 0.0000 0.0000 0.0000 0.0000 0.6268 0.0000
0.0000 0.4680 0.0799 0.0140 0.0000 0.0000 0.0000 0.3111 0.1270 0.0000
0.0411 0.0774 0.0000 0.0000 0.4113 0.0772 0.2450 0.0000 0.0812 0.0669
0.1811 0.1577 0.1757 0.0000 0.4832 0.0000 0.0000 0.0000 0.0000 0.0022
0.0000 0.0000 0.0000 0.0000 1.0000 0.0000 0.0000 0.0000 0.0000 0.0000
0.2001 0.0711 0.0000 0.0009 0.2483 0.0087 0.1846 0.0325 0.2538 0.0000
0.0000 1.0000 0.0000 0.0000 0.0000 0.0000 0.0000 0.0000 0.0000 0.0000
0.0865 0.1719 0.0000 0.1106 0.1687 0.0774 0.0094 0.0383 0.0453 0.2919
0.0000 0.1085 0.1302 0.0448 0.1648 0.0580 0.0858 0.2151 0.0826 0.1101
0.0942 0.0000 0.0609 0.0000 0.0000 0.0000 0.0000 0.0000 0.0000 0.8450
0.1985 0.1227 0.6629 0.0000 0.0159 0.0000 0.0000 0.0000 0.0000 0.0000
0.3881 0.4157 0.1962 0.0000 0.0000 0.0000 0.0000 0.0000 0.0000 0.0000
0.1274 0.0000 0.1344 0.2813 0.4569 0.0000 0.0000 0.0000 0.0000 0.0000
0.0000 0.0000 0.4617 0.4092 0.0000 0.0000 0.0000 0.0000 0.1291 0.0000
0.1323 0.0000 0.0000 0.0000 0.7527 0.0000 0.0000 0.0000 0.0614 0.0537
0.1240 0.4655 0.0000 0.0000 0.0143 0.0000 0.0051 0.0000 0.2333 0.1577
0.0000 1.0000 0.0000 0.0000 0.0000 0.0000 0.0000 0.0000 0.0000 0.0000
0.0000 0.0421 0.0345 0.0000 0.0349 0.1050 0.1673 0.1888 0.4235 0.0037
0.0000 0.2437 0.0418 0.6671 0.0474 0.0000 0.0000 0.0000 0.0000 0.0000
0.0943 0.0000 0.0000 0.0000 0.0000 0.0000 0.0000 0.9057 0.0000 0.0000
