0.0000 0.1617 0.0000 0.0932 0.0200 0.3565 0.2528 0.0000 0.1157 0.0000
0.0000 0.8569 0.0000 0.0000 0.0000 0.0000 0.0000 0.0000 0.0000 0.1431
0.0000 0.1205 0.0000 0.1786 0.4997 0.0000 0.0000 0.2011 0.0000 0.0000
0.0000 0.1989 0.6621 0.0000 0.0000 0.0000 0.0000 0.1390 0.0000 0.0000
0.0000 0.1085 0.1302 0.0448 0.1648 0.0580 0.0858 0.2151 0.0826 0.1101
0.0942 0.0000 0.0609 0.0000 0.0000 0.0000 0.0000 0.0000 0.0000 0.8450
0.1985 0.1227 0.6629 0.0000 0.0159 0.0000 0.0000 0.0000 0.0000 0.0000
0.3881 0.4157 0.1962 0.0000 0.0000 0.0000 0.0000 0.0000 0.0000 0.0000
0.1274 0.0000 0.1344 0.2813 0.4569 0.0000 0.0000 0.0000 0.0000 0.0000
0.0000 0.0000 0.4617 0.4092 0.0000 0.0000 0.0000 0.0000 0.1291 0.0000
0.1323 0.0000 0.0000 0.0000 0.7527 0.0000 0.0000 0.0000 0.0614 0.0537
0.1240 0.4655 0.0000 0.0000 0.0143 0.0000 0.0051 0.0000 0.2333 0.1577
0.0000 1.0000 0.0000 0.0000 0.0000 0.0000 0.0000 0.0000 0.0000 0.0000
0.0000 0.0421 0.0345 0.0000 0.0349 0.1050 0.1673 0.1888 0.4235 0.0037
0.0000 0.2437 0.0418 0.6671 0.0474 0.0000 0.0000 0.0000 0.0000 0.0000
0.0943 0.0000 0.0000 0.0000 0.0000 0.0000 0.0000 0.9057 0.0000 0.0000
0.0000 0.0000 0.0000 0.0888 0.0708 0.0000 0.0000 0.0000 0.8403 0.0000
0.0000 0.0063 0.3596 0.0630 0.1982 0.0250 0.0000 0.0000 0.3089 0.0391
0.0202 0.0821 0.0017 0.1213 0.0000 0.5055 0.0538 0.0868 0.0000 0.1287
0.0000 0.0000 0.0000 0.0000 0.0000 0.0000 1.0000 0.0000 0.0000 0.0000
